0,322
0,319
0,356
0,8
0,332
0,11
0,4
0,2
0,3
0,7
1836,0
1835,0
1834,0
1833,0
1832,0
1831,0
1830,0
1829,0
1828,0
1827,0
1826,0
1825,0
1824,0
1823,0
1822,0
1821,0
1820,0
1819,0
1818,0
1817,0
1816,0
1815,0
1814,0
1813,0
1812,0
1811,0
1810,0
1809,0
1808,0
1807,0
1806,0
1805,0
1804,0
1803,0
1802,0
1801,0
1800,0
1799,0
1798,0
1797,0
1796,0
1795,0
1794,0
1793,0
1792,0
1791,0
1790,0
1789,0
1788,0
1787,0
1786,0
1785,0
1784,0
1783,0
1782,0
1781,0
1780,0
1779,0
1778,0
1777,0
1776,0
1775,0
1774,0
1773,0
1772,0
1771,0
1770,0
1769,0
1768,0
1767,0
1766,0
1765,0
1764,0
1763,0
1761,0
1760,0
1759,0
1758,0
1757,0
1756,0
1755,0
1754,0
1753,0
1752,0
1751,0
1750,0
1749,0
1748,0
1747,0
1746,0
1745,0
1744,0
1743,0
1742,0
1741,0
1740,0
1739,0
1738,0
1737,0
1736,0
1735,0
1734,0
1733,0
1732,0
1731,0
1730,0
1729,0
1728,0
1727,0
1726,0
1725,0
1724,0
1723,0
1722,0
1721,0
1720,0
1719,0
1718,0
1717,0
1716,0
1715,0
1714,0
1713,0
1712,0
1711,0
1710,0
1709,0
1708,0
1707,0
1706,0
1705,0
1704,0
1703,0
1702,0
1701,0
1700,0
1699,0
1698,0
1697,0
1696,0
1695,0
1694,0
1693,0
1692,0
1691,0
1690,0
1689,0
1688,0
1687,0
1686,0
1685,0
1684,0
1683,0
1682,0
1681,0
1680,0
1679,0
1678,0
1677,0
1676,0
1675,0
1674,0
1673,0
1672,0
1671,0
1670,0
1669,0
1668,0
1667,0
1666,0
1665,0
1664,0
1663,0
1662,0
1661,0
1660,0
1659,0
1658,0
1657,0
1656,0
1655,0
1654,0
1653,0
1652,0
1651,0
1650,0
1649,0
1648,0
1647,0
1646,0
1645,0
1644,0
1643,0
1642,0
1641,0
1640,0
1639,0
1638,0
1637,0
1636,0
1635,0
1634,0
1633,0
1632,0
1631,0
1630,0
1629,0
1628,0
1627,0
1626,0
1625,0
1624,0
1623,0
1622,0
1621,0
1620,0
1619,0
1618,0
1617,0
1616,0
1615,0
1614,0
1613,0
1612,0
1611,0
1610,0
1609,0
1608,0
1607,0
1606,0
1605,0
1604,0
1603,0
1602,0
1601,0
1600,0
1599,0
1598,0
1597,0
1596,0
1595,0
1594,0
1593,0
1592,0
1591,0
1590,0
1589,0
1588,0
1587,0
1586,0
1585,0
1584,0
1583,0
1582,0
1581,0
1580,0
1579,0
1578,0
1577,0
1576,0
1575,0
1574,0
1573,0
1572,0
1571,0
1570,0
1569,0
1568,0
1567,0
1566,0
1565,0
1564,0
1563,0
1562,0
1561,0
1560,0
1559,0
1558,0
1557,0
1556,0
1555,0
1554,0
1553,0
1552,0
1551,0
1550,0
1549,0
1548,0
1547,0
1546,0
1545,0
1544,0
1543,0
1542,0
1541,0
1540,0
1539,0
0,10
0,305
0,306
0,304
0,0
0,6
0,46
0,47
0,49
0,51
0,52
0,54
0,55
0,57
0,58
0,60
0,62
0,63
0,193
0,194
0,196
0,198
0,199
0,201
0,202
0,204
0,205
0,207
0,209
0,210
0,212
0,213
0,215
0,217
0,218
0,220
0,221
0,223
0,224
0,226
0,228
0,229
0,231
0,232
0,234
0,236
0,237
0,239
0,240
0,242
0,245
0,246
0,248
0,249
0,251
0,252
0,254
0,256
0,257
0,259
0,260
0,262
0,264
0,265
0,267
0,268
0,270
0,271
0,273
0,275
0,276
0,278
0,279
0,281
0,283
0,284
0,286
0,287
0,289
0,290
0,292
0,294
0,295
0,297
0,298
0,300
0,9
0,243
0,308
0,310
0,312
0,320
0,323
0,326
0,328
0,334
0,341
0,343
0,345
0,346
0,357
0,358
0,360
0,361
0,363
0,365
0,366
0,368
0,369
0,371
0,373
0,374
0,376
0,377
0,379
0,380
0,382
1,2
1,4
1,5
1,7
1,8
2,0
2,3
2,4
2,6
2,7
2,9
2,10
2,12
2,14
2,15
2,17
2,18
2,20
2,22
2,23
2,25
2,26
2,28
2,30
2,31
2,33
2,34
2,64
2,65
2,67
2,69
2,70
2,72
2,73
2,75
2,77
2,78
2,80
2,81
2,83
2,84
2,86
2,88
2,89
2,91
2,92
2,94
2,96
2,97
2,99
2,100
2,102
2,103
2,105
2,107
2,108
2,110
2,111
2,113
2,115
2,116
2,118
2,119
2,121
1331,1
1331,2
1331,4
1331,5
1331,7
1332,1
1332,3
1332,5
1332,6
1332,8
1332,9
1332,11
1332,13
1332,14
1333,1
1333,2
1333,4
1333,5
1333,7
1333,9
1334,1
1334,3
1334,4
1334,6
1334,8
1334,9
1334,11
1334,12
1334,14
1334,15
1334,17
1334,19
1334,20
1334,22
1334,23
1334,25
1335,2
1335,3
1335,5
1335,6
1335,8
1336,1
1336,3
1337,1
1337,2
1337,4
1337,5
1338,1
1338,3
1338,4
1339,2
1339,3
1339,5
1339,7
1339,8
1340,2
1340,3
1340,5
1340,6
1341,1
1341,3
1341,4
1342,2
1342,3
1342,5
1343,2
1343,3
1343,5
1343,6
1344,2
1344,3
1344,5
1344,7
1345,1
1345,3
1345,4
1345,6
1345,8
1345,9
1346,2
1346,3
1346,5
1347,1
1347,3
1348,1
1348,2
1348,4
1349,1
1349,3
1349,5
1350,1
1350,3
1350,4
1351,1
1351,3
1351,4
1352,1
1352,2
1352,4
1352,5
1352,7
1352,9
1352,10
1352,12
1352,13
1352,15
1353,2
1353,3
1354,1
1354,2
1354,4
1354,5
1354,7
1355,1
1355,2
1356,1
1356,2
1356,4
1357,2
1357,3
1357,5
1357,6
1358,2
1358,3
1358,5
1358,7
1359,1
1359,3
1359,4
1359,6
1360,2
1360,3
1360,5
1360,6
1361,1
1361,2
1361,4
1362,1
1362,2
1362,4
1362,5
1363,2
1363,4
1363,5
1364,1
1364,2
1364,4
1364,6
1364,7
1365,2
1365,3
1365,5
1365,6
1366,2
1366,4
1366,5
1367,1
1367,2
1367,4
1367,6
1368,1
1368,3
1368,4
1369,2
1369,3
1370,1
1370,3
1370,4
1370,6
1370,7
1371,1
1371,3
1371,4
1371,6
1371,7
1371,9
1371,10
1371,12
1371,14
1371,15
1371,17
1371,18
1372,2
1372,4
1372,5
1373,2
1373,3
1373,5
1374,1
1374,2
1374,4
1375,1
1375,3
1375,4
1376,1
1376,3
1376,4
1376,6
1376,7
1376,9
1377,2
1377,3
1377,5
1377,6
1378,2
1378,3
1378,5
1379,1
1379,2
1379,4
1379,5
1380,1
1380,3
1380,4
1380,6
1380,7
1381,2
1381,3
1381,5
1381,7
1382,1
1382,3
1382,4
1382,6
1383,1
1383,2
1383,4
1383,5
1383,7
1383,8
1383,10
1384,2
1384,3
1384,5
1385,1
1385,3
1385,5
1385,6
1386,2
1386,3
1387,2
1387,4
1387,5
1387,7
1387,8
1387,10
1387,11
1388,2
1388,4
1388,5
1389,1
1389,2
1389,4
1389,6
1390,1
1390,3
1390,4
1390,6
1391,1
1391,3
1391,5
1391,6
1392,2
1392,3
1392,5
1392,7
1392,8
1392,10
1393,1
1393,3
1393,4
1393,6
1393,8
1393,9
1393,11
1393,12
1393,14
1393,16
1393,17
1393,19
1393,20
1393,22
1393,24
1393,25
1393,27
1393,28
1393,30
1393,31
1393,33
1393,35
1393,36
1393,38
1393,39
1393,41
1393,43
1393,44
1394,1
1394,2
1394,4
1394,5
1395,1
1395,3
1395,4
1396,1
1396,2
1397,1
1397,3
1398,1
1398,3
1398,4
1399,2
1399,3
1399,5
1399,7
1400,1
1400,3
1400,4
1400,6
1401,1
1401,2
1401,4
1401,5
1402,1
1402,3
1402,4
1403,1
1403,2
1403,4
1403,5
1404,1
1404,3
1404,4
1404,6
1405,1
1405,3
1406,1
1406,2
1406,4
1407,1
1407,3
1407,4
1408,2
1408,4
1408,5
1408,7
1409,1
1409,3
1409,5
1409,6
1410,2
1410,3
1411,1
1411,2
1411,4
1412,2
1412,3
1413,1
1413,2
1413,4
1414,2
1414,3
1415,2
1415,3
1415,5
1416,1
1416,3
1417,1
1417,2
1417,4
1418,1
1418,3
1419,1
1419,2
1420,1
1420,2
1421,1
1421,3
1421,4
1422,2
1422,3
1423,1
1423,2
1423,4
1423,6
1424,1
1424,3
1424,4
1425,2
1425,4
1426,1
1426,3
1426,4
1427,2
1427,3
1427,5
1428,2
1428,3
1428,5
1428,6
1429,1
1429,3
1429,4
1429,6
1430,1
1430,3
1430,4
1431,1
1431,3
1431,4
1431,6
1431,7
1431,9
1431,11
1431,12
1432,2
1432,3
1432,5
1432,7
1432,8
1433,1
1433,2
1433,4
1433,5
1433,7
1433,9
1434,1
1434,3
1434,4
1434,6
1434,8
1434,9
1435,2
1435,3
1435,5
1435,6
1435,8
1435,10
1435,11
1436,2
1436,3
1436,5
1436,7
1436,8
1436,10
1436,11
1437,1
1437,2
1437,4
1438,2
1438,3
1438,5
1438,6
1439,1
1439,3
1440,1
1440,3
1440,4
1441,1
1441,2
1441,4
1441,6
1441,7
1442,2
1442,3
1443,1
1443,3
1443,4
1443,6
1443,7
1444,2
1444,4
1444,5
1445,2
1445,3
1445,5
1446,1
1446,3
1446,5
1446,6
1447,2
1447,3
1447,5
1448,2
1448,3
1449,1
1449,2
1449,4
1449,5
1450,1
1450,3
1450,4
1451,1
1451,2
1451,4
1452,2
1452,3
1452,5
1453,1
1453,3
1453,4
1454,1
1454,3
1455,1
1455,3
1455,4
1456,1
1456,3
1456,4
1457,1
1457,2
1457,4
1457,6
1458,1
1458,3
1458,4
1459,1
1459,2
1459,4
1460,2
1460,3
1461,2
1461,3
1461,5
1461,7
1461,8
1461,10
1461,11
1462,2
1462,3
1462,5
1463,2
1463,3
1463,5
1463,6
1464,2
1465,1
1465,2
1465,4
1465,5
1466,2
1466,3
1467,2
1467,4
1468,1
1468,3
1468,4
1469,2
1469,4
1469,5
1469,7
1470,1
1470,3
1470,4
1470,6
1471,2
1471,3
1471,5
1472,1
1472,3
1473,1
1473,2
1473,4
1473,5
1473,7
1473,9
1473,10
1473,12
1473,13
1473,15
1474,1
1474,3
1474,5
1474,6
1475,1
1475,2
1475,4
1476,1
1476,2
1476,4
1476,5
1476,7
1476,8
1477,1
1477,3
1477,4
1478,1
1478,2
1478,4
1479,2
1479,3
1479,5
1479,6
1480,1
1480,2
1481,1
1481,3
1482,1
1482,3
1482,4
1482,6
1483,1
1483,2
1483,4
1483,5
1484,2
1484,4
1484,5
1485,1
1485,2
1485,4
1485,5
1486,2
1486,4
1486,5
1487,2
1487,3
1487,5
1487,7
1488,1
1488,3
1488,4
1489,1
1489,2
1489,4
1490,1
1490,2
1490,4
1490,5
1490,7
1491,2
1491,3
1491,5
1491,6
1492,2
1492,3
1493,1
1493,3
1493,4
1493,6
1494,1
1494,3
1494,5
1494,6
1495,2
1495,3
1496,1
1496,3
1496,4
1496,6
1496,7
1497,2
1497,3
1497,5
1498,1
1498,2
1498,4
1498,5
1498,7
1499,2
1499,3
1500,1
1500,2
1500,4
1500,5
1501,2
1501,4
1502,1
1502,3
1502,4
1502,6
1503,2
1503,3
1503,5
1503,6
1504,2
1504,3
1504,5
1505,1
1505,2
1505,4
1506,1
1506,3
1506,5
1506,6
1507,2
1507,3
1508,1
1508,2
1508,4
1508,6
1509,1
1509,3
1509,4
1509,6
1510,2
1510,3
1511,1
1511,2
1511,4
1512,1
1512,2
1512,4
1513,1
1513,3
1513,4
1513,6
1514,1
1514,2
1514,4
1514,5
1515,2
1515,4
1515,5
1515,7
1516,1
1516,3
1516,4
1516,6
1516,8
1517,1
1517,3
1517,4
1517,6
1518,1
1518,2
1518,4
1518,5
1519,2
1519,3
1519,5
1520,1
1520,2
1520,4
1520,5
1521,1
1521,3
1521,4
1521,6
1522,1
1522,3
1522,5
1523,1
1523,3
1523,4
1524,1
1524,2
1524,4
1525,1
1525,2
1525,4
1525,5
1526,2
1526,4
1526,5
1526,7
1527,1
1527,3
1527,4
1528,1
1528,3
1528,4
1528,6
1529,1
1529,3
1529,5
1529,6
1529,8
1530,1
1530,3
1530,4
1531,1
1531,3
1532,1
1532,3
1532,4
1533,1
1533,3
1533,4
1533,6
1534,1
1534,3
1534,4
1534,6
1535,2
1535,3
1535,5
1536,1
1536,3
1536,5
1537,1
1537,3
1537,4
1537,6
1538,2
1538,3
1538,5
1539,1
1539,3
1539,4
1540,1
1540,3
1540,4
1540,6
1541,1
1541,3
1541,5
1542,1
1542,3
1542,4
1542,6
1543,1
1543,3
1543,5
1544,1
1544,3
1544,4
1544,6
1545,2
1545,3
1545,5
1546,1
1546,3
1546,4
1546,6
1547,2
1547,3
1547,5
1548,1
1548,3
1548,5
1549,1
1549,3
1549,4
1549,6
1549,8
1549,9
1550,2
1550,3
1551,1
1551,2
1551,4
1552,1
1552,2
1552,4
1552,5
1553,2
1553,4
1553,5
1554,2
1554,3
1555,1
1555,2
1555,4
1555,6
1555,7
1556,1
1556,2
1556,4
1557,2
1557,3
1558,1
1558,2
1558,4
1558,5
1558,7
1559,2
1559,3
1560,1
1560,2
1560,4
1560,6
1561,1
1561,3
1561,4
1561,6
1562,1
1562,3
1562,5
1562,6
1563,2
1563,3
1563,5
1563,7
1564,1
1564,3
1564,4
1564,6
1565,2
1565,3
1565,5
1565,6
1566,1
1566,2
1567,1
1567,3
1567,4
1568,2
1568,3
1569,1
1569,3
1569,4
1570,2
1570,3
1570,5
1571,1
1571,3
1571,5
1572,1
1572,3
1572,4
1573,2
1573,4
1574,1
1574,3
1574,4
1575,1
1575,2
1575,4
1575,6
1576,1
1576,3
1577,1
1577,3
1578,1
1578,2
1578,4
1579,1
1579,3
1580,2
1580,3
1580,5
1580,6
1581,2
1581,3
1582,2
1583,1
1583,2
1583,4
1584,1
1584,3
1585,2
1585,3
1585,5
1586,1
1586,3
1586,4
1587,2
1587,4
1588,1
1588,3
1588,4
1589,2
1589,4
1589,5
1590,1
1590,2
1590,4
1591,1
1591,3
1592,1
1592,2
1592,4
1593,1
1593,3
1594,1
1594,2
1594,4
1595,1
1595,3
1596,1
1596,2
1596,4
1597,1
1597,3
1597,4
1598,2
1598,4
1599,1
1599,3
1599,4
1600,2
1600,4
1601,1
1601,3
1601,4
1602,2
1602,3
1603,1
1603,3
1603,4
1604,1
1604,2
1604,4
1605,2
1605,3
1605,5
1606,1
1606,3
1606,4
1607,2
1607,4
1608,1
1608,3
1608,4
1609,2
1609,4
1610,1
1610,3
1610,4
1611,1
1611,2
1611,4
1611,6
1611,7
1612,1
1612,2
1612,4
1612,6
1612,7
1613,2
1613,3
1613,5
1613,7
1614,1
1614,3
1614,4
1615,1
1615,2
1615,4
1615,6
1616,1
1616,3
1616,4
1616,6
1617,2
1617,3
1618,2
1618,3
1618,5
1618,6
1618,8
1619,2
1619,3
1619,5
1619,6
1620,1
1620,3
1620,4
1621,2
1621,3
1622,1
1622,2
1622,4
1623,2
1623,3
1623,5
1623,6
1624,1
1624,3
1624,4
1624,6
1624,7
1625,2
1625,4
1625,5
1625,7
1625,8
1626,2
1626,3
1627,1
1627,3
1627,4
1628,2
1628,3
1628,5
1629,1
1629,2
1629,4
1630,1
1630,3
1630,4
1631,1
1631,3
1631,4
1632,1
1632,2
1632,4
1633,1
1633,2
1633,4
1634,1
1634,3
1634,4
1635,2
1635,4
1635,5
1636,2
1636,3
1636,5
1637,1
1637,2
1637,4
1637,5
1638,2
1638,3
1638,5
1639,1
1639,2
1639,4
1639,5
1640,1
1640,3
1640,4
1641,1
1641,2
1641,4
1642,2
1642,3
1643,1
1643,2
1643,4
1643,5
1643,7
1644,2
1644,3
1644,5
1644,6
1644,8
1645,1
1645,2
1645,4
1645,5
1646,1
1646,2
1646,4
1646,6
1647,1
1647,3
1647,4
1647,6
1648,2
1648,3
1648,5
1648,6
1649,1
1649,2
1649,4
1650,2
1650,3
1650,5
1650,6
1651,1
1651,3
1651,4
1651,6
1652,1
1652,3
1653,1
1653,2
1653,4
1653,5
1654,1
1654,2
1654,4
1655,2
1655,3
1656,1
1656,2
1656,4
1657,1
1657,2
1658,1
1658,2
1658,4
1659,1
1659,3
1659,5
1659,6
1659,8
1660,1
1660,3
1660,5
1661,1
1661,3
1661,4
1662,2
1662,3
1663,1
1663,3
1663,4
1664,2
1664,3
1665,1
1665,3
1665,4
1666,1
1666,2
1666,4
1666,5
1666,7
1667,2
1667,3
1667,5
1668,1
1668,3
1668,5
1669,1
1669,3
1669,4
1669,6
1670,2
1670,3
1670,5
1670,6
1671,2
1671,3
1672,1
1672,3
1672,4
1673,2
1673,3
1673,5
1674,1
1674,2
1674,4
1675,1
1675,3
1675,4
1675,6
1676,1
1676,2
1676,4
1677,1
1677,3
1677,5
1678,1
1678,3
1678,4
1679,1
1679,2
1679,4
1680,1
1680,2
1680,4
1681,1
1681,3
1682,1
1682,2
1682,4
1682,5
1683,2
1683,4
1683,5
1684,1
1684,2
1684,4
1684,5
1685,2
1685,4
1686,1
1686,3
1686,4
1686,6
1687,2
1687,3
1687,5
1687,6
1687,8
1688,1
1688,3
1688,5
1689,1
1689,3
1689,4
1690,2
1690,4
1691,1
1691,3
1691,4
1692,1
1692,2
1692,4
1693,2
1693,3
1694,1
1694,2
1694,4
1695,2
1695,3
1695,5
1696,1
1696,3
1696,5
1696,6
1697,2
1697,3
1697,5
1698,1
1698,3
1698,5
1698,6
1699,2
1699,3
1699,5
1700,2
1700,3
1700,5
1700,6
1701,2
1701,3
1701,5
1702,2
1702,3
1702,5
1703,1
1703,3
1704,1
1704,2
1704,4
1704,5
1705,1
1705,2
1705,4
1706,2
1706,3
1707,1
1707,2
1708,1
1708,3
1708,4
1708,6
1709,1
1709,3
1709,4
1710,1
1710,3
1710,4
1711,2
1711,3
1712,1
1712,3
1712,4
1713,1
1713,2
1713,4
1714,1
1714,2
1714,4
1715,1
1715,3
1715,4
1716,2
1716,4
1716,5
1717,2
1717,3
1718,2
1718,4
1719,1
1719,3
1719,4
1719,6
1720,1
1720,3
1720,5
1720,6
1721,2
1721,3
1721,5
1722,2
1722,3
1722,5
1722,6
1723,2
1723,3
1723,5
1724,2
1724,3
1724,5
1724,6
1724,8
1725,2
1725,3
1726,1
1726,2
1726,4
1727,2
1727,3
1727,5
1727,6
1728,2
1728,3
1728,5
1729,1
1729,2
1729,4
1729,5
1730,1
1730,3
1730,4
1731,2
1731,3
1731,5
1732,1
1732,3
1733,1
1733,2
1733,4
1734,1
1734,3
1734,5
1734,6
1735,2
1735,3
1735,5
1736,1
1736,3
1737,1
1737,2
1737,4
1737,5
1738,2
1738,4
1738,5
1739,1
1739,2
1739,4
1739,5
1740,2
1740,4
1740,5
1741,1
1741,2
1741,4
1742,1
1742,2
1742,4
1742,5
1743,1
1743,3
1743,4
1743,6
1743,7
1744,1
1744,2
1744,4
1745,2
1745,3
1745,5
1745,6
1746,2
1746,4
1746,5
1747,2
1747,3
1748,1
1748,2
1748,4
1749,2
1749,3
1749,5
1749,6
1750,1
1750,3
1751,1
1751,3
1751,4
1752,2
1752,3
1753,1
1753,3
1753,4
1753,6
1754,1
1754,3
1755,1
1755,2
1755,4
1756,1
1756,3
1757,1
1757,2
1757,4
1757,5
1757,7
1758,1
1758,3
1759,1
1759,2
1759,4
1759,5
1760,2
1760,4
1761,1
1761,3
1761,4
1763,1
1763,2
1763,4
1763,6
1763,7
1763,9
1764,1
1764,3
1765,2
1765,3
1766,2
1766,3
1767,2
1767,3
1768,2
1769,1
1769,2
1770,1
1770,2
1771,1
1771,3
1772,1
1772,3
1773,1
1773,3
1774,1
1774,3
1775,2
1775,3
1775,5
1775,6
1776,2
1776,4
1777,1
1777,3
1777,4
1777,6
1777,8
1777,9
1777,11
1778,1
1778,3
1778,4
1778,6
